tradingtime	open	high	low	close	volume
2021/7/5 10:30	77.73	78.5	76.54	78.28	725,305
2021/7/5 11:30	78.28	78.29	77.23	77.44	253,126
2021/7/5 14:00	77.44	77.44	76.4	76.94	343,055
2021/7/5 15:00	76.95	77.17	76.43	76.51	343,649
2021/7/6 10:30	75.88	77	75.28	75.31	701,623
2021/7/6 11:30	75.29	75.31	73.01	73.37	998,873
2021/7/6 14:00	73.25	74.48	73.19	74.24	270,254
2021/7/6 15:00	74.25	74.29	74	74.18	281,139
2021/7/7 10:30	73.4	74.7	73.24	74.21	458,746
2021/7/7 11:30	74.18	74.38	73.88	73.99	185,662
2021/7/7 14:00	73.99	73.99	73.24	73.7	341,751
2021/7/7 15:00	73.7	73.89	73.61	73.69	350,679
2021/7/8 10:30	73.7	74.14	71.55	71.91	995,444
2021/7/8 11:30	71.91	72.19	71.66	71.97	296,082
2021/7/8 14:00	71.97	72.28	71.2	71.43	280,896
2021/7/8 15:00	71.43	71.66	71.17	71.52	466,181
2021/7/9 10:30	71.69	73.83	71.12	72.65	894,641
2021/7/9 11:30	72.65	73.39	72.4	72.65	189,889
2021/7/9 14:00	72.65	73.13	72.46	73.12	167,933
2021/7/9 15:00	73.12	73.38	72.75	72.89	290,832
2021/7/12 10:30	72.57	73.77	71.47	72.74	785,168
2021/7/12 11:30	72.74	72.95	72.27	72.9	345,220
2021/7/12 14:00	72.9	74.2	72.77	73.97	510,380
2021/7/12 15:00	73.97	74.5	73.69	74.46	445,515
2021/7/13 10:30	74	76.5	73.61	74.89	1,057,998
2021/7/13 11:30	74.89	75.3	74.56	75.02	228,869
2021/7/13 14:00	75.02	75.39	74.48	75.39	305,678
2021/7/13 15:00	75.39	75.6	75.19	75.44	353,793
2021/7/14 10:30	75.6	77.18	74.3	76.45	885,975
2021/7/14 11:30	76.45	76.68	75.47	75.5	384,696
2021/7/14 14:00	75.5	76.37	74.54	74.7	420,534
2021/7/14 15:00	74.65	74.93	73.78	73.78	550,405
2021/7/15 10:30	68.9	70.5	66.65	68.03	6,611,940
2021/7/15 11:30	68.03	68.27	66.68	66.75	2,119,335
2021/7/15 14:00	66.75	67.4	66	66.43	2,128,144
2021/7/15 15:00	66.42	66.47	65.4	66	3,295,475
2021/7/16 10:30	66	66	64.7	64.93	5,669,116
2021/7/16 11:30	64.93	66.44	64.93	66.13	2,387,369
2021/7/16 14:00	66.13	66.69	65.86	66	2,796,986
2021/7/16 15:00	66.05	66.05	65.08	65.22	2,085,204
2021/7/19 10:30	65.22	65.22	63.4	63.4	3,961,438
2021/7/19 11:30	63.4	63.9	63	63.65	1,472,888
2021/7/19 14:00	63.65	63.85	62.84	63.13	1,226,890
2021/7/19 15:00	63.14	63.25	62.72	62.81	1,142,358
2021/7/20 10:30	63.44	64.02	62.73	63	1,855,283
2021/7/20 11:30	62.99	63.39	62.85	62.95	987,813
2021/7/20 14:00	62.95	63.35	62.95	63.12	523,748
2021/7/20 15:00	63.13	63.3	63.1	63.2	570,806
2021/7/21 10:30	62.95	63.65	62.3	62.33	2,022,061
2021/7/21 11:30	62.33	62.55	61.77	62.1	1,681,091
2021/7/21 14:00	62.1	62.79	61.96	62.22	1,002,566
2021/7/21 15:00	62.2	62.7	62.09	62.56	1,111,687
2021/7/22 10:30	62.96	63.8	62.53	63.3	2,365,700
2021/7/22 11:30	63.3	63.3	62.58	62.99	778,411
2021/7/22 14:00	62.99	63.66	62.72	63.58	1,228,911
2021/7/22 15:00	63.6	64.5	63.58	63.8	2,600,111
2021/7/23 10:30	63.3	63.5	61.8	61.96	2,509,552
2021/7/23 11:30	61.96	62.2	61.84	61.93	587,100
2021/7/23 14:00	61.93	62.5	61.93	62.32	782,876
2021/7/23 15:00	62.32	62.36	61.99	62.03	727,828
2021/7/26 10:30	61.86	62.57	61.16	61.39	1,684,760
2021/7/26 11:30	61.39	61.57	59.89	60.12	1,262,114
2021/7/26 14:00	60.18	61.9	59.98	61.58	1,625,120
2021/7/26 15:00	61.58	61.88	61.16	61.59	1,138,999
2021/7/27 10:30	60.8	61.88	60.32	60.57	1,230,289
2021/7/27 11:30	60.42	61.34	60.42	61.06	611,022
2021/7/27 14:00	61.06	61.06	60.2	60.48	1,126,872
2021/7/27 15:00	60.44	60.55	59.38	59.38	1,822,156
2021/7/28 10:30	59.11	59.57	56.89	57.45	2,327,421
2021/7/28 11:30	57.45	58.3	57.38	57.47	934,067
2021/7/28 14:00	57.47	57.7	57.27	57.43	1,302,770
2021/7/28 15:00	57.43	57.55	57.15	57.22	1,216,077
2021/7/29 10:30	58	58.96	57.72	58.74	2,729,156
2021/7/29 11:30	58.74	58.81	58.1	58.17	1,042,828
2021/7/29 14:00	58.17	58.66	58.01	58.11	1,182,916
2021/7/29 15:00	58.11	58.45	58.11	58.18	1,527,765
2021/7/30 10:30	58.3	59	57.5	58.45	2,311,710
2021/7/30 11:30	58.45	58.87	58.32	58.45	1,172,424
2021/7/30 14:00	58.49	60.18	58.44	60.03	3,037,543
2021/7/30 15:00	60.03	60.97	60.01	60.48	2,027,582
2021/8/2 10:30	60.04	61.76	59.56	60.68	3,203,679
2021/8/2 11:30	60.68	61.33	60.45	61.23	1,592,801
2021/8/2 14:00	61.23	61.98	61.12	61.59	1,654,868
2021/8/2 15:00	61.59	61.75	61.09	61.16	1,305,602
2021/8/3 10:30	61.17	63.66	61.02	63.4	4,593,203
2021/8/3 11:30	63.4	63.47	62.62	62.62	1,423,412
2021/8/3 14:00	62.62	63.15	62.35	63.14	1,378,130
2021/8/3 15:00	63.14	63.2	62.75	63.13	1,219,411
2021/8/4 10:30	62.8	63.3	61.96	62.6	2,404,373
2021/8/4 11:30	62.6	63.75	62.49	63.21	1,206,902
2021/8/4 14:00	63.25	63.33	62.66	62.8	664,919
2021/8/4 15:00	62.84	62.96	62.45	62.88	1,142,800
2021/8/5 10:30	63.31	64.42	63	63.5	2,379,080
2021/8/5 11:30	63.5	63.5	63.02	63.15	624,908
2021/8/5 14:00	63.15	63.43	62.68	62.75	909,420
2021/8/5 15:00	62.75	63.13	62.6	62.96	825,929
2021/8/6 10:30	62.16	62.87	61.3	61.79	2,081,609
2021/8/6 11:30	61.78	61.8	61.4	61.41	722,951
2021/8/6 14:00	61.41	61.78	61.1	61.25	878,266
2021/8/6 15:00	61.25	61.98	61.1	61.89	669,370
2021/8/9 10:30	62.98	63.8	62.88	63.28	2,851,664
2021/8/9 11:30	63.25	64.28	63.06	64.18	2,064,520
2021/8/9 14:00	64.18	64.22	63.6	63.89	934,104
2021/8/9 15:00	63.89	64.04	63.8	63.98	938,630
2021/8/10 10:30	63.63	64.29	63.2	63.9	1,870,002
2021/8/10 11:30	63.9	64.93	63.62	64.88	1,675,820
2021/8/10 14:00	64.88	64.95	64.45	64.51	1,121,566
2021/8/10 15:00	64.51	64.77	64.33	64.67	859,652
2021/8/11 10:30	65	65.06	63.7	63.91	1,556,046
2021/8/11 11:30	63.9	63.98	63.4	63.69	978,546
2021/8/11 14:00	63.7	64.39	63.57	64.04	924,472
2021/8/11 15:00	64.04	64.25	63.75	63.88	858,814
2021/8/12 10:30	64.02	64.4	63.3	63.43	1,471,855
2021/8/12 11:30	63.43	63.43	62.78	62.81	920,362
2021/8/12 14:00	62.81	63.3	62.3	62.69	1,287,914
2021/8/12 15:00	62.69	62.73	62.29	62.64	979,258
2021/8/13 10:30	62.8	63.16	61.9	62.1	1,281,584
2021/8/13 11:30	62.1	62.15	61.4	61.59	616,916
2021/8/13 14:00	61.59	61.74	60.83	61	993,230
2021/8/13 15:00	61	61.28	60.8	61.15	837,800
2021/8/16 10:30	61	61.09	60.15	60.28	1,357,019
2021/8/16 11:30	60.3	60.47	60.17	60.43	725,176
2021/8/16 14:00	60.43	60.62	60.27	60.56	739,638
2021/8/16 15:00	60.56	60.6	60.25	60.3	1,036,779
2021/8/17 10:30	60.34	60.79	59.86	60.05	1,038,910
2021/8/17 11:30	60.05	60.35	59.5	59.57	590,353
2021/8/17 14:00	59.57	59.57	58.77	58.92	827,833
2021/8/17 15:00	58.93	59.05	58.58	58.83	980,884
2021/8/18 10:30	58.58	59.56	58.28	58.43	967,697
2021/8/18 11:30	58.41	58.53	57.8	58.12	736,475
2021/8/18 14:00	58.12	58.35	57.83	57.95	647,727
2021/8/18 15:00	57.97	58.23	57.9	58.12	768,275
2021/8/19 10:30	58.27	63.5	57.8	63.32	5,166,514
2021/8/19 11:30	63.35	65.95	63.35	64.38	5,703,809
2021/8/19 14:00	64.38	64.6	63.68	63.94	1,615,085
2021/8/19 15:00	63.94	64.12	63.49	63.49	1,729,867
2021/8/20 10:30	62	63	60.51	60.84	3,967,805
2021/8/20 11:30	60.84	60.85	59.8	59.85	1,616,862
2021/8/20 14:00	59.85	60.3	59.35	59.93	937,956
2021/8/20 15:00	59.93	60.24	59.1	59.38	1,692,588
2021/8/23 10:30	58.8	61.1	58.38	60.9	2,433,307
2021/8/23 11:30	60.9	60.9	59.9	60.48	974,246
2021/8/23 14:00	60.48	61	60.4	60.48	840,974
2021/8/23 15:00	60.47	60.71	60.3	60.45	812,614
2021/8/24 10:30	60.96	61.48	58.93	59.17	2,759,188
2021/8/24 11:30	59.17	59.2	58.6	58.99	1,372,644
2021/8/24 14:00	58.99	59.42	58.9	59.11	781,227
2021/8/24 15:00	59.11	59.2	58.88	59.1	864,365
2021/8/25 10:30	59.35	60.39	58.65	59.66	1,732,282
2021/8/25 11:30	59.66	59.66	58.98	59.28	734,559
2021/8/25 14:00	59.28	59.99	59.2	59.66	686,188
2021/8/25 15:00	59.66	60	59.6	59.6	712,896
2021/8/26 10:30	59.13	60.4	58.7	59.09	1,477,628
2021/8/26 11:30	59.08	59.27	58.71	58.72	1,071,978
2021/8/26 14:00	58.72	59.03	58.58	58.72	601,086
2021/8/26 15:00	58.72	58.99	58.2	58.51	1,114,365
2021/8/27 10:30	58.5	58.98	57.91	58.35	1,155,920
2021/8/27 11:30	58.35	58.36	57.95	58.02	648,227
2021/8/27 14:00	58.02	58.34	57.94	57.98	433,604
2021/8/27 15:00	57.98	58.18	57.83	57.86	809,718
2021/8/30 10:30	60	60.86	59.33	60.01	3,583,953
2021/8/30 11:30	60.01	60.7	59.85	60.57	1,690,938
2021/8/30 14:00	60.57	60.99	60.11	60.12	1,782,484
2021/8/30 15:00	60.18	60.54	60.03	60.22	1,467,507
2021/8/31 10:30	58.2	59.88	56.61	56.89	4,463,073
2021/8/31 11:30	56.89	57.23	56.62	56.68	1,437,444
2021/8/31 14:00	56.7	57	55.71	56.23	1,859,331
2021/8/31 15:00	56.22	56.25	55.75	56.02	1,571,288
2021/9/1 10:30	55.9	57.35	55	57	2,249,813
2021/9/1 11:30	57	57.06	56.6	56.89	547,051
2021/9/1 14:00	56.89	56.99	56.71	56.85	401,447
2021/9/1 15:00	56.85	57	56.63	57	570,003
2021/9/2 10:30	57	57.27	56.55	56.86	976,027
2021/9/2 11:30	56.86	56.86	56.34	56.47	501,217
2021/9/2 14:00	56.47	56.51	56.37	56.5	406,031
2021/9/2 15:00	56.5	57.49	56.49	57.26	832,236
2021/9/3 10:30	56.9	57.89	56.69	57.4	892,726
2021/9/3 11:30	57.4	57.46	57.04	57.25	458,358
2021/9/3 14:00	57.44	58.58	57.44	57.96	840,534
2021/9/3 15:00	57.96	59.4	57.95	58.9	1,511,420
2021/9/6 10:30	58.79	60.5	58.5	60.45	2,429,086
2021/9/6 11:30	60.45	61	60.3	60.3	1,177,545
2021/9/6 14:00	60.48	60.9	60.32	60.9	954,203
2021/9/6 15:00	60.9	61	60.5	60.63	931,381
2021/9/7 10:30	60.37	60.76	59.9	60.12	1,134,148
2021/9/7 11:30	60.12	60.3	59.81	60.12	587,238
2021/9/7 14:00	60.12	60.19	59.88	60.04	446,925
2021/9/7 15:00	60.04	60.09	59.9	59.96	580,786
2021/9/8 10:30	60.02	60.8	59.6	59.76	1,033,606
2021/9/8 11:30	59.76	59.76	58.8	58.88	1,077,125
2021/9/8 14:00	58.88	59.23	58.87	59.2	367,171
2021/9/8 15:00	59.2	59.25	59	59.15	474,755
2021/9/9 10:30	58.89	59.32	58.51	58.81	922,206
2021/9/9 11:30	58.81	59	58.18	58.2	573,508
2021/9/9 14:00	58.2	58.43	58	58.27	696,774
2021/9/9 15:00	58.27	58.33	57.6	58.08	673,764
2021/9/10 10:30	57.8	58.3	57	57.52	1,108,019
2021/9/10 11:30	57.53	57.86	57.2	57.83	595,654
2021/9/10 14:00	57.83	59.43	57.76	58.8	970,052
2021/9/10 15:00	58.8	59.68	58.8	59.5	1,156,390
2021/9/13 10:30	59.4	60.47	58.89	58.93	1,547,431
2021/9/13 11:30	58.93	59.29	58.74	58.97	403,176
2021/9/13 14:00	58.97	59.1	58.8	59.01	325,375
2021/9/13 15:00	59.01	59.3	58.91	59.1	426,768
2021/9/14 10:30	59	59.95	58.5	59.03	1,087,471
2021/9/14 11:30	59.03	59.31	58.8	59.28	334,981
2021/9/14 14:00	59.28	59.9	59	59.3	928,713
2021/9/14 15:00	59.3	59.44	59	59.12	529,886
2021/9/15 10:30	59.12	59.28	58.06	58.94	870,118
2021/9/15 11:30	58.94	59.25	58.6	58.72	370,853
2021/9/15 14:00	58.72	59.1	58.44	58.5	313,759
2021/9/15 15:00	58.5	58.89	58.33	58.78	429,258
2021/9/16 10:30	59.29	59.71	58.7	58.79	876,364
2021/9/16 11:30	58.79	59.19	57.72	57.86	1,204,626
2021/9/16 14:00	57.86	58.18	56.9	57.01	1,264,550
2021/9/16 15:00	57.01	57.22	56.75	57.04	1,295,744
2021/9/17 10:30	57.61	57.61	55.99	56.09	1,701,471
2021/9/17 11:30	56.09	58.33	56	57.3	2,474,139
2021/9/17 14:00	57.5	58.72	57.5	58.5	2,193,166
2021/9/17 15:00	58.5	58.5	57.9	57.91	1,498,685
2021/9/22 10:30	56.83	57.33	56.26	56.51	1,780,333
2021/9/22 11:30	56.51	56.73	56	56.15	997,390
2021/9/22 14:00	56.15	56.25	55.98	55.99	1,182,427
2021/9/22 15:00	55.99	56.28	55.97	55.99	861,046
2021/9/23 10:30	56.5	57.02	56.01	56.58	1,188,243
2021/9/23 11:30	56.55	56.57	56.32	56.54	287,388
2021/9/23 14:00	56.54	56.62	56.17	56.23	274,864
2021/9/23 15:00	56.23	56.65	56.21	56.35	562,815
2021/9/24 10:30	56.2	56.6	55.81	56.1	767,077
2021/9/24 11:30	56.1	56.76	56.1	56.46	524,319
2021/9/24 14:00	56.46	56.66	56.42	56.54	382,320
2021/9/24 15:00	56.54	56.54	56.01	56.07	422,533
2021/9/27 10:30	56.05	57.21	56	56.7	1,601,215
2021/9/27 11:30	56.7	56.95	56.1	56.27	578,359
2021/9/27 14:00	56.28	56.49	56.01	56.32	406,178
2021/9/27 15:00	56.32	56.42	56.15	56.34	382,984
2021/9/28 10:30	56.75	56.75	55.51	55.89	1,038,989
2021/9/28 11:30	55.89	56.07	55.68	55.72	319,600
2021/9/28 14:00	55.74	55.94	55.68	55.8	173,915
2021/9/28 15:00	55.8	55.95	55.68	55.8	359,951
2021/9/29 10:30	55.47	55.48	53.78	54.2	1,550,266
2021/9/29 11:30	54.2	54.2	53.74	53.75	570,761
2021/9/29 14:00	53.74	53.9	53.5	53.72	457,055
2021/9/29 15:00	53.72	53.8	52.78	52.9	1,173,555
2021/9/30 10:30	53.1	53.83	53.03	53.69	745,695
2021/9/30 11:30	53.69	53.89	53.61	53.76	227,962
2021/9/30 14:00	53.76	53.87	53.63	53.78	206,049
2021/9/30 15:00	53.78	54.23	53.7	54.1	488,152
2021/10/8 10:30	55.37	55.4	54.62	54.72	996,978
2021/10/8 11:30	54.72	55.62	54.68	55.48	901,372
2021/10/8 14:00	55.48	55.58	55.24	55.45	478,738
2021/10/8 15:00	55.45	55.5	55.29	55.45	521,914
2021/10/11 10:30	55.88	56.73	55.46	56	1,266,875
2021/10/11 11:30	55.99	56.15	55.91	56.1	237,538
2021/10/11 14:00	56.1	56.19	55.55	55.7	285,149
2021/10/11 15:00	55.7	56.09	55.58	55.8	396,066
2021/10/12 10:30	56.07	56.07	54.95	55.82	725,893
2021/10/12 11:30	55.82	56.26	55.35	55.35	343,391
2021/10/12 14:00	55.35	55.35	54.65	54.93	543,532
2021/10/12 15:00	54.93	55.19	54.66	55.19	364,716
2021/10/13 10:30	55.19	55.69	54.73	54.8	478,428
2021/10/13 11:30	54.8	54.85	54.42	54.62	425,662
2021/10/13 14:00	54.62	54.87	54.51	54.6	391,311
2021/10/13 15:00	54.64	54.8	54.48	54.59	398,981
2021/10/14 10:30	54.55	54.8	53.8	53.89	856,385
2021/10/14 11:30	53.89	53.98	53.72	53.97	322,892
2021/10/14 14:00	53.97	54.5	53.86	54.46	355,703
2021/10/14 15:00	54.46	54.48	54	54.28	320,567
2021/10/15 10:30	54.27	54.82	53.55	54.66	821,927
2021/10/15 11:30	54.66	54.66	54.21	54.28	303,893
2021/10/15 14:00	54.28	54.55	54.23	54.42	263,446
2021/10/15 15:00	54.36	54.44	54.1	54.22	356,487
2021/10/18 10:30	54.48	54.48	52.93	53.27	1,005,359
2021/10/18 11:30	53.27	53.44	53.1	53.3	217,576
2021/10/18 14:00	53.3	53.68	53.27	53.53	277,428
2021/10/18 15:00	53.53	53.79	53.49	53.75	346,759
2021/10/19 10:30	54.01	54.68	53.64	54.07	724,692
2021/10/19 11:30	54.07	54.48	53.99	54.48	244,271
2021/10/19 14:00	54.5	54.51	54.3	54.39	281,691
2021/10/19 15:00	54.39	54.45	54.3	54.43	347,233
2021/10/20 10:30	54.34	54.73	53.71	53.87	671,262
2021/10/20 11:30	53.87	54.01	53.69	53.81	413,990
2021/10/20 14:00	53.8	53.94	53.65	53.72	317,106
2021/10/20 15:00	53.71	53.86	53.56	53.65	485,463
2021/10/21 10:30	53.97	53.97	52.88	52.91	822,356
2021/10/21 11:30	52.91	53.07	52.8	53.03	439,889
2021/10/21 14:00	53.03	53.04	52.78	52.87	287,495
2021/10/21 15:00	52.87	52.87	52.46	52.56	647,363
2021/10/22 10:30	52.6	52.75	51.48	51.48	1,473,543
2021/10/22 11:30	51.48	52.3	51.46	52.07	550,821
2021/10/22 14:00	52.07	52.5	51.98	52.03	341,804
2021/10/22 15:00	52.03	52.1	51.58	51.71	465,610
2021/10/25 10:30	51.6	51.68	50.17	50.56	1,464,409
2021/10/25 11:30	50.42	50.49	49.98	50.13	743,446
2021/10/25 14:00	50.13	50.14	49.8	50.1	706,956
2021/10/25 15:00	50.1	50.3	49.97	50.11	482,017
2021/10/26 10:30	50.72	50.72	49.72	50.06	1,251,933
2021/10/26 11:30	50.06	50.21	49.93	50.18	287,210
2021/10/26 14:00	50.18	51.48	50.18	50.63	999,996
2021/10/26 15:00	50.63	50.64	50.28	50.36	353,330
2021/10/27 10:30	50.42	50.42	48.3	48.3	1,818,357
2021/10/27 11:30	48.3	48.48	48	48.16	1,279,679
2021/10/27 14:00	48.16	48.16	47.59	47.7	873,436
2021/10/27 15:00	47.7	47.79	47.54	47.57	728,441
2021/10/28 10:30	47.5	47.95	46.91	47.5	1,061,066
2021/10/28 11:30	47.5	48.17	47.5	47.67	428,897
2021/10/28 14:00	47.67	47.91	47.5	47.76	269,397
2021/10/28 15:00	47.77	48.15	47.51	47.9	614,577
2021/10/29 10:30	47.86	48.55	47.35	48.29	822,598
2021/10/29 11:30	48.29	48.4	47.9	48.05	306,600
2021/10/29 14:00	48.05	48.28	48.05	48.25	250,355
2021/10/29 15:00	48.25	48.49	48.2	48.28	485,437
2021/11/1 10:30	48.01	48.01	46.2	47.67	1,457,024
2021/11/1 11:30	47.67	47.8	47.45	47.69	398,159
2021/11/1 14:00	47.69	48.18	47.61	47.8	416,344
2021/11/1 15:00	47.8	48.19	47.59	47.92	461,794
2021/11/2 10:30	47.76	48.67	47.75	48	1,602,656
2021/11/2 11:30	48	48.04	47.5	47.75	360,229
2021/11/2 14:00	47.75	47.8	46.63	46.8	733,248
2021/11/2 15:00	46.8	47.08	46.7	46.79	513,239
2021/11/3 10:30	47.4	47.95	47.18	47.42	2,266,796
2021/11/3 11:30	47.42	47.51	47	47.06	723,937
2021/11/3 14:00	47.06	47.42	47.06	47.29	468,192
2021/11/3 15:00	47.29	47.85	47.17	47.63	1,090,177
2021/11/4 10:30	47.89	47.98	47.04	47.17	1,392,569
2021/11/4 11:30	47.16	47.74	47.16	47.35	652,104
2021/11/4 14:00	47.35	47.6	47.33	47.41	381,345
2021/11/4 15:00	47.41	47.64	47.2	47.38	749,291
2021/11/5 10:30	47.14	47.78	47.08	47.58	1,047,451
2021/11/5 11:30	47.58	48.2	47.5	47.9	1,391,410
2021/11/5 14:00	47.9	47.94	47.59	47.59	331,760
2021/11/5 15:00	47.58	47.58	47.29	47.31	550,411
2021/11/8 10:30	48.19	48.39	46.1	46.15	2,087,645
2021/11/8 11:30	46.15	46.32	45.7	45.91	785,001
2021/11/8 14:00	45.91	46.31	45.91	46.27	422,215
2021/11/8 15:00	46.27	46.27	45.8	45.96	630,269
2021/11/9 10:30	45.99	46.49	45.5	46.28	1,513,213
2021/11/9 11:30	46.31	46.4	46.22	46.31	1,014,737
2021/11/9 14:00	46.3	46.9	46.3	46.61	1,253,448
2021/11/9 15:00	46.61	46.72	46.48	46.48	639,957
2021/11/10 10:30	46.3	46.94	46.15	46.42	1,149,240
2021/11/10 11:30	46.4	46.41	45.85	46.08	662,362
2021/11/10 14:00	46.08	51.32	46.08	50	8,257,195
2021/11/10 15:00	50	51.21	49.86	50.93	3,572,756
2021/11/11 10:30	50.42	51.34	49.6	50.38	4,681,502
2021/11/11 11:30	50.39	50.63	50	50.15	976,146
2021/11/11 14:00	50.11	50.31	49.6	49.77	1,290,695
2021/11/11 15:00	49.77	50.22	49.64	50.2	1,031,204
2021/11/12 10:30	50	51.15	49.75	50.74	1,988,469
2021/11/12 11:30	50.74	50.75	50.24	50.45	705,123
2021/11/12 14:00	50.45	50.8	50.35	50.7	668,549
2021/11/12 15:00	50.7	50.87	50.54	50.7	717,618
2021/11/15 10:30	50.67	52.63	50.1	52.49	3,517,608
2021/11/15 11:30	52.48	54.29	52.44	54.15	3,590,838
2021/11/15 14:00	54.15	54.15	53.6	53.99	1,355,702
2021/11/15 15:00	53.99	54.04	53.72	53.8	1,219,127
2021/11/16 10:30	53.8	54.48	53.3	53.8	2,122,364
2021/11/16 11:30	53.8	54.3	53.5	54.14	1,000,928
2021/11/16 14:00	54.14	54.58	53.55	53.88	1,108,021
2021/11/16 15:00	53.88	54.79	53.8	54.04	2,073,663
2021/11/17 10:30	53.99	54.58	53.33	54.19	1,692,051
2021/11/17 11:30	54.19	54.75	54.14	54.62	1,153,728
2021/11/17 14:00	54.62	54.67	54	54.1	806,051
2021/11/17 15:00	54.14	54.28	54	54.19	643,864
2021/11/18 10:30	53.8	54.45	53.25	54.15	2,012,804
2021/11/18 11:30	54.15	54.4	53.65	53.69	960,112
2021/11/18 14:00	53.69	53.97	53.1	53.41	757,345
2021/11/18 15:00	53.41	53.46	52.83	52.83	1,125,100
2021/11/19 10:30	56	57.23	54.1	54.78	5,095,564
2021/11/19 11:30	54.8	55.05	54.5	55	801,287
2021/11/19 14:00	55.05	55.7	54.98	55.1	1,065,215
2021/11/19 15:00	55.18	55.35	54.7	55.2	1,013,882
2021/11/22 10:30	58.7	60.5	56.87	60.01	9,284,799
2021/11/22 11:30	60.01	60.35	59.72	59.81	1,861,323
2021/11/22 14:00	59.73	59.9	58.96	59.05	1,311,639
2021/11/22 15:00	59.05	59.19	58	58.02	1,875,393
2021/11/23 10:30	57.51	58.03	56.23	57.22	3,565,117
2021/11/23 11:30	57.22	58.8	57.1	58.78	987,321
2021/11/23 14:00	58.78	59.77	58.49	58.76	2,151,043
2021/11/23 15:00	58.8	59.35	58.78	58.97	1,016,762
2021/11/24 10:30	58.71	60.35	58.32	59.28	2,653,105
2021/11/24 11:30	59.28	59.5	58.6	58.77	643,373
2021/11/24 14:00	58.82	58.82	58.3	58.3	820,335
2021/11/24 15:00	58.3	58.78	58.08	58.78	1,161,279
2021/11/25 10:30	59.18	60.3	58.6	59.7	2,465,712
2021/11/25 11:30	59.67	59.96	59.59	59.9	843,056
2021/11/25 14:00	59.91	60.2	59.66	59.85	1,237,910
2021/11/25 15:00	59.83	60.14	59.76	59.82	987,139
2021/11/26 10:30	60.92	60.93	59.7	59.81	2,103,030
2021/11/26 11:30	59.81	59.99	58.72	59.03	1,176,998
2021/11/26 14:00	59.09	59.24	58.75	59.02	697,880
2021/11/26 15:00	59.01	59.2	58.89	59.15	753,387
2021/11/29 10:30	61	62.5	60.1	60.41	5,756,721
2021/11/29 11:30	60.41	60.65	59.78	60.5	1,126,577
2021/11/29 14:00	60.5	61.59	60.08	61.31	1,551,411
2021/11/29 15:00	61.31	61.55	61	61.2	1,397,748
2021/11/30 10:30	60.58	61.5	59.8	59.8	3,123,176
2021/11/30 11:30	59.81	60.18	59.68	59.96	1,060,547
2021/11/30 14:00	59.96	60.62	59.5	60.37	2,009,148
2021/11/30 15:00	60.37	60.95	59.75	60.95	3,966,739
2021/12/1 10:30	59.8	60.27	58.13	58.58	3,300,983
2021/12/1 11:30	58.5	58.89	58.32	58.63	815,832
2021/12/1 14:00	58.63	58.7	58.1	58.18	1,437,946
2021/12/1 15:00	58.18	58.34	57.51	57.76	2,030,680
2021/12/2 10:30	57.78	58.2	56.62	56.79	2,488,838
2021/12/2 11:30	56.79	57.25	56.57	56.78	1,039,405
2021/12/2 14:00	56.87	57.07	56.38	56.4	881,324
2021/12/2 15:00	56.4	56.63	55.54	55.86	2,118,568
2021/12/3 10:30	56.68	57.44	56.3	56.89	1,747,479
2021/12/3 11:30	56.89	57.3	56.84	57.1	604,216
2021/12/3 14:00	57.1	57.29	56.92	57	672,625
2021/12/3 15:00	57	57.04	56.78	56.9	699,855
2021/12/6 10:30	59.9	59.96	57.45	57.52	4,064,983
2021/12/6 11:30	57.53	58.45	57.25	57.89	1,086,305
2021/12/6 14:00	57.89	57.96	56.82	56.82	1,091,184
2021/12/6 15:00	56.83	57.13	56.28	56.33	1,187,551
2021/12/7 10:30	55.62	56.97	54.8	56.83	2,307,226
2021/12/7 11:30	56.9	56.93	56.2	56.46	1,166,170
2021/12/7 14:00	56.47	56.57	55.8	55.98	414,838
2021/12/7 15:00	55.98	56.5	55.5	56.34	665,003
2021/12/8 10:30	56.56	57.47	55.88	57.46	1,935,421
2021/12/8 11:30	57.46	58.32	57.35	57.36	1,058,878
2021/12/8 14:00	57.36	57.76	57.23	57.59	735,004
2021/12/8 15:00	57.59	57.95	57.32	57.67	1,067,962
2021/12/9 10:30	59	60.55	58.58	59.86	6,257,102
2021/12/9 11:30	59.87	59.9	59.44	59.7	1,190,381
2021/12/9 14:00	59.7	59.77	59.16	59.45	1,231,195
2021/12/9 15:00	59.45	59.99	59.27	59.89	2,546,525
2021/12/10 10:30	59.49	59.77	58.65	59.65	3,554,240
2021/12/10 11:30	59.65	63.98	59.65	63.87	6,898,798
2021/12/10 14:00	63.87	64.56	63.52	63.9	4,933,022
2021/12/10 15:00	63.9	64.52	63.5	63.63	3,999,520
2021/12/13 10:30	63	64.44	62.7	64.2	4,268,049
2021/12/13 11:30	64.2	64.94	64.05	64.91	3,027,864
2021/12/13 14:00	64.91	64.91	64.11	64.65	1,807,268
2021/12/13 15:00	64.79	65	63.82	63.9	2,233,975
2021/12/14 10:30	64.8	64.8	63.93	64.46	2,749,542
2021/12/14 11:30	64.46	64.7	63.55	63.86	1,221,138
2021/12/14 14:00	63.86	64.18	63.02	63.86	1,069,652
2021/12/14 15:00	63.88	63.99	63.38	63.9	1,126,599
2021/12/15 10:30	63.9	63.95	61.88	62.88	2,673,800
2021/12/15 11:30	62.89	62.93	62.15	62.21	636,264
2021/12/15 14:00	62.21	62.7	61.8	62.18	969,291
2021/12/15 15:00	62.18	62.23	60.61	60.71	2,659,266
2021/12/16 10:30	60.71	61.63	60.23	60.58	2,124,791
2021/12/16 11:30	60.59	60.62	59.68	59.97	1,526,011
2021/12/16 14:00	59.97	61.18	59.97	60.84	1,250,526
2021/12/16 15:00	60.84	61	60.7	60.87	933,597
2021/12/17 10:30	61.3	61.55	59.91	60.23	1,503,903
2021/12/17 11:30	60.26	60.95	60.01	60.8	720,373
2021/12/17 14:00	60.8	60.8	60.08	60.08	541,968
2021/12/17 15:00	60.08	60.48	59.66	60.16	3,591,561
2021/12/20 10:30	60.05	61.19	59.9	60.59	1,165,462
2021/12/20 11:30	60.6	60.6	59.9	59.9	560,718
2021/12/20 14:00	59.9	59.95	58.87	58.9	1,075,239
2021/12/20 15:00	58.9	59.17	58.53	59.09	885,108
2021/12/21 10:30	58.9	60.36	58.56	58.95	1,288,120
2021/12/21 11:30	59.01	59.31	58.62	58.7	414,444
2021/12/21 14:00	58.7	59.1	58.4	59.02	637,833
2021/12/21 15:00	59.02	59.33	58.91	59.14	475,986
2021/12/22 10:30	59.34	59.35	57.9	58.02	1,493,917
2021/12/22 11:30	58.02	58.48	57.94	58.4	485,776
2021/12/22 14:00	58.4	58.65	58.22	58.43	473,478
2021/12/22 15:00	58.43	58.5	58.05	58.05	603,934
2021/12/23 10:30	58.16	59.05	58.03	58.46	1,428,650
2021/12/23 11:30	58.45	58.9	58.28	58.58	657,312
2021/12/23 14:00	58.58	58.7	57.93	58	884,621
2021/12/23 15:00	58	58.53	58	58.51	793,162
2021/12/24 10:30	58.51	58.88	57.34	58.72	2,092,409
2021/12/24 11:30	58.72	59.84	58.53	59.71	2,272,505
2021/12/24 14:00	59.63	60.5	59.22	60.36	2,314,262
2021/12/24 15:00	60.36	60.42	59.14	59.27	1,431,938
2021/12/27 10:30	59.7	60.18	58.01	58.35	1,519,657
2021/12/27 11:30	58.45	58.87	58.15	58.19	574,663
2021/12/27 14:00	58.19	58.38	57.64	58.02	1,002,241
2021/12/27 15:00	58.02	58.06	57.25	57.35	1,315,389
2021/12/28 10:30	57.02	57.83	56.72	57.4	1,900,248
2021/12/28 11:30	57.4	58.98	57.13	58.89	2,306,189
2021/12/28 14:00	58.89	59.32	58.42	58.51	1,265,855
2021/12/28 15:00	58.51	58.69	58.46	58.66	1,262,991
2021/12/29 10:30	59	59.3	57.68	58.08	1,053,136
2021/12/29 11:30	58.08	58.88	57.9	58.69	478,206
2021/12/29 14:00	58.69	58.69	57.9	58.02	359,705
2021/12/29 15:00	57.99	58.1	57.5	57.58	644,575
2021/12/30 10:30	57.7	57.89	56.9	57.42	868,542
2021/12/30 11:30	57.42	57.51	57.1	57.22	368,177
2021/12/30 14:00	57.27	57.75	57.17	57.5	377,944
2021/12/30 15:00	57.5	57.87	57.3	57.59	536,799
2021/12/31 10:30	59.52	63.59	59.4	63.06	7,484,687
2021/12/31 11:30	63.06	66.15	62.98	65.45	6,984,109
2021/12/31 14:00	65.45	68.75	65.45	67.63	5,325,737
2021/12/31 15:00	67.63	68.3	66.8	66.98	3,067,960
2022/1/4 10:30	65	65	61	61.4	9,379,294
2022/1/4 11:30	61.37	61.84	60.48	61.26	2,539,073
2022/1/4 14:00	61.26	61.77	60.7	60.8	1,856,929
2022/1/4 15:00	60.74	60.98	60.21	60.3	2,779,350
2022/1/5 10:30	59	59.49	57.52	57.58	4,649,459
2022/1/5 11:30	57.58	58.4	57.3	58.19	1,075,914
2022/1/5 14:00	58.19	58.19	57.61	57.84	745,389
2022/1/5 15:00	57.84	58.45	57.81	58.15	910,735
2022/1/6 10:30	58.01	58.55	57.35	57.48	1,434,690
2022/1/6 11:30	57.45	57.49	56.58	57.05	1,453,033
2022/1/6 14:00	57.05	57.36	56.89	57.09	607,775
2022/1/6 15:00	57.08	57.12	56.66	56.68	1,084,545
2022/1/7 10:30	56.99	57.85	56.6	57.38	1,471,160
2022/1/7 11:30	57.4	57.57	57.01	57.1	538,242
2022/1/7 14:00	57.1	57.54	56.98	57.1	450,998
2022/1/7 15:00	57.1	57.26	56.88	57.21	834,923
2022/1/10 10:30	57.64	59.99	57.38	59.86	3,063,110
2022/1/10 11:30	59.86	60.17	59.51	59.74	802,195
2022/1/10 14:00	59.74	59.9	58.63	58.8	701,985
2022/1/10 15:00	58.8	59.58	58.75	59.55	757,250
2022/1/11 10:30	60.65	61.99	59.75	60.36	2,934,649
2022/1/11 11:30	60.36	61.38	60.13	61.2	1,058,498
2022/1/11 14:00	61.2	62.13	60.9	62.05	1,895,275
2022/1/11 15:00	62.05	62.49	61.83	61.88	1,722,510
2022/1/12 10:30	62.49	62.73	61.3	62	2,213,998
2022/1/12 11:30	62	62.37	61.73	62.3	666,351
2022/1/12 14:00	62.3	66.55	62.3	65.21	5,454,147
2022/1/12 15:00	65.16	65.55	64.69	64.7	1,851,081
2022/1/13 10:30	65	65.98	63.22	63.52	2,947,804
2022/1/13 11:30	63.52	65.6	63.28	65.56	1,322,623
2022/1/13 14:00	65.56	68.02	65.56	66.38	5,458,382
2022/1/13 15:00	66.37	66.76	65.89	66.4	1,744,204
2022/1/14 10:30	67.49	72.02	66.14	71.88	10,496,754
2022/1/14 11:30	71.94	72.88	70.76	71.59	4,523,344
2022/1/14 14:00	71.63	78.73	71.63	77.43	10,526,840
2022/1/14 15:00	77.43	77.63	75.88	76.5	5,308,061
2022/1/17 10:30	80	87.24	78.5	86.82	21,189,515
2022/1/17 11:30	86.8	87.66	84.4	85.73	4,017,189
2022/1/17 14:00	85.79	86.18	82.11	83.69	4,091,447
2022/1/17 15:00	83.69	89.68	82.84	84.96	7,653,647
2022/1/18 10:30	85	87.94	80.08	81.92	16,417,864
2022/1/18 11:30	82	84.88	81.9	82.77	3,242,854
2022/1/18 14:00	82.99	83.33	80.22	81.9	3,981,798
2022/1/18 15:00	81.9	84.89	81.9	83.15	4,305,880
2022/1/19 10:30	80.84	84.34	79.39	82.38	11,373,658
2022/1/19 11:30	82.33	84.11	80.36	81.24	3,733,261
2022/1/19 14:00	81.17	83.45	80.67	83.4	2,273,034
2022/1/19 15:00	83.36	83.36	80.99	82.04	2,356,107
2022/1/20 10:30	83.95	88.19	82.53	82.77	12,664,144
2022/1/20 11:30	82.72	85.24	82.2	84.8	3,093,495
2022/1/20 14:00	84.8	86.3	83.3	83.41	2,910,546
2022/1/20 15:00	83.4	83.45	81.92	82.53	4,691,685
2022/1/21 10:30	77.51	80.98	73.68	75.99	14,779,771
2022/1/21 11:30	75.81	76.85	75.12	75.81	2,020,394
2022/1/21 14:00	75.81	76.48	75.3	75.8	1,499,854
2022/1/21 15:00	75.8	76.14	74.03	74.1	4,630,423
2022/1/24 10:30	72.4	79.87	72	77	8,438,589
2022/1/24 11:30	77.24	77.54	75.4	75.45	1,810,168
2022/1/24 14:00	75.45	76.31	75	75	1,262,320
2022/1/24 15:00	75.16	75.56	74.48	74.63	1,804,079
2022/1/25 10:30	75.01	76	72.35	72.79	4,700,862
2022/1/25 11:30	72.87	72.93	71.5	72.25	2,499,712
2022/1/25 14:00	72.25	72.49	70.48	71.37	2,288,711
2022/1/25 15:00	71.41	71.63	69.88	70.2	2,919,516
2022/1/26 10:30	69	71.7	64.15	64.77	8,926,219
2022/1/26 11:30	64.81	65.25	63.23	63.6	3,233,193
2022/1/26 14:00	63.5	64.1	63.02	63.37	3,093,419
2022/1/26 15:00	63.37	63.76	62.7	63	2,259,831
2022/1/27 10:30	65	65.99	61.95	62.22	3,882,135
2022/1/27 11:30	62.22	62.7	61.59	62.17	1,471,576
2022/1/27 14:00	62.16	64.3	61.51	63.21	3,034,132
2022/1/27 15:00	63.11	63.23	62	62.1	3,079,556
2022/1/28 10:30	62.72	63.11	59.69	60.6	3,582,490
2022/1/28 11:30	60.61	60.74	59.75	59.96	1,779,602
2022/1/28 14:00	59.9	60.78	59.38	59.78	1,996,402
2022/1/28 15:00	59.75	59.84	58.91	59.13	2,335,132
2022/2/7 10:30	60	60.67	58.08	59.35	3,804,637
2022/2/7 11:30	59.35	59.41	58.49	59.1	1,389,808
2022/2/7 14:00	59.1	59.15	58.18	58.52	1,086,983
2022/2/7 15:00	58.51	58.97	58.31	58.9	1,661,409
2022/2/8 10:30	58	58.9	57.16	57.84	2,260,694
2022/2/8 11:30	57.89	57.94	57.11	57.13	1,281,742
2022/2/8 14:00	57.13	57.69	56.86	57.11	1,242,331
2022/2/8 15:00	57.08	57.5	56.96	57.3	1,628,512
2022/2/9 10:30	56.7	57.78	56.3	57.19	2,693,499
2022/2/9 11:30	57.19	58.22	56.91	57.73	2,940,218
2022/2/9 14:00	57.73	57.92	57.06	57.43	1,336,873
2022/2/9 15:00	57.43	57.92	57.27	57.92	1,578,997
2022/2/10 10:30	57.93	58.34	56.88	56.98	3,035,121
2022/2/10 11:30	56.94	57.31	56.7	56.79	2,038,681
2022/2/10 14:00	57	57	56.05	56.25	2,621,382
2022/2/10 15:00	56.25	56.54	55.9	55.96	2,144,175
2022/2/11 10:30	56.05	56.77	54.6	54.79	2,409,129
2022/2/11 11:30	54.76	55.09	54.6	54.66	1,056,195
2022/2/11 14:00	54.66	54.74	53.77	53.8	1,688,279
2022/2/11 15:00	53.8	53.94	53.02	53.45	2,340,506
2022/2/14 10:30	55.31	62.14	55.31	59.92	10,765,225
2022/2/14 11:30	60	60.55	59.53	59.96	1,225,624
2022/2/14 14:00	59.96	60	58.79	59.08	1,422,921
2022/2/14 15:00	59.17	60.1	58.83	60.08	2,159,802
2022/2/15 10:30	59	62.11	57.89	59.85	5,339,200
2022/2/15 11:30	59.85	59.86	58.7	59.05	1,800,937
2022/2/15 14:00	59.05	59.05	57.99	58.41	1,626,927
2022/2/15 15:00	58.53	59.13	58.16	58.86	1,777,673
2022/2/16 10:30	58.5	60.38	57.88	60.05	3,609,040
2022/2/16 11:30	60.15	62.68	59.87	61.22	3,840,861
2022/2/16 14:00	61.22	61.81	60.81	61.6	1,255,893
2022/2/16 15:00	61.56	61.8	60.81	60.81	1,172,477
2022/2/17 10:30	60.57	61.68	59.69	60.8	3,387,342
2022/2/17 11:30	60.8	60.97	60.21	60.66	799,236
2022/2/17 14:00	60.67	61.37	60.2	60.83	1,400,579
2022/2/17 15:00	60.83	60.96	60.2	60.54	1,342,821
2022/2/18 10:30	60.39	64.64	60.21	63.47	6,119,705
2022/2/18 11:30	63.47	66.18	63.35	65.02	2,910,464
2022/2/18 14:00	65.02	65.8	64.67	64.95	1,304,364
2022/2/18 15:00	64.95	65.49	64.57	65.01	1,474,140
2022/2/21 10:30	64.3	67.08	64	65.31	4,211,260
2022/2/21 11:30	65.31	66.68	64.7	66.56	1,709,470
2022/2/21 14:00	66.56	69.9	66.47	69.66	3,176,083
2022/2/21 15:00	69.81	69.99	68.65	68.98	2,295,706
2022/2/22 10:30	68	68.98	65.48	66.51	5,739,101
2022/2/22 11:30	66.5	67.21	66.03	66.5	1,183,265
2022/2/22 14:00	66.5	67.41	66	66.58	1,626,315
2022/2/22 15:00	66.54	67.75	66.06	67.74	1,488,168
2022/2/23 10:30	67.22	72.22	67.08	71.05	5,397,459
2022/2/23 11:30	70.91	71.63	70.65	70.65	1,014,122
2022/2/23 14:00	70.68	70.83	69.3	69.8	1,575,877
2022/2/23 15:00	69.8	70.13	69.61	69.8	1,026,927
2022/2/24 10:30	69.5	74.29	68.88	73.73	5,445,108
2022/2/24 11:30	73.71	75.64	73.03	73.78	3,095,320
2022/2/24 14:00	73.91	73.91	70.71	70.75	4,315,668
2022/2/24 15:00	70.72	72.23	70	71.86	3,284,671
2022/2/25 10:30	73.3	73.85	70.75	73.01	5,385,233
2022/2/25 11:30	73.01	74.97	72.93	73.33	3,165,712
2022/2/25 14:00	73.33	75.02	73.26	74.36	1,776,208
2022/2/25 15:00	74.36	74.37	73.45	74.23	1,614,816
2022/2/28 10:30	72.99	74.47	69.5	71.73	5,935,379
2022/2/28 11:30	71.9	71.93	69.46	71.33	3,270,364
2022/2/28 14:00	71.33	71.42	70.2	71.09	981,583
2022/2/28 15:00	71.1	72.71	71.05	72	1,963,933
2022/3/1 10:30	71	73.5	70.97	72.74	3,175,648
2022/3/1 11:30	72.74	72.75	70.79	70.79	1,626,224
2022/3/1 14:00	70.79	72.46	70.6	72.12	1,918,505
2022/3/1 15:00	72.12	72.41	71.57	71.57	1,298,464
2022/3/2 10:30	71.9	71.9	69.18	69.42	3,585,600
2022/3/2 11:30	69.43	71.37	69.41	71.3	1,499,628
2022/3/2 14:00	71.3	71.3	70.06	70.88	920,516
2022/3/2 15:00	70.88	71.86	70.47	71.75	1,356,345
2022/3/3 10:30	71.69	77.16	71.69	77.12	8,401,211
2022/3/3 11:30	77.12	80.34	76.8	79.37	4,247,151
2022/3/3 14:00	79.31	79.5	77.88	77.95	1,919,401
2022/3/3 15:00	77.95	78.04	76.12	76.38	2,812,478
2022/3/4 10:30	76	80.29	75.66	79.16	7,160,147
2022/3/4 11:30	79.11	79.3	77.61	78	2,075,357
2022/3/4 14:00	78	78.49	76.6	76.83	2,117,694
2022/3/4 15:00	76.83	77.64	76.55	77	2,112,427
2022/3/7 10:30	78.58	81.47	77.5	81.37	8,083,682
2022/3/7 11:30	81.31	81.31	79.59	79.59	1,268,198
2022/3/7 14:00	79.58	79.87	78.34	78.4	1,415,264
2022/3/7 15:00	78.4	79.01	78.14	78.76	1,819,503
2022/3/8 10:30	75	76.88	72.01	72.7	8,275,360
2022/3/8 11:30	72.54	72.8	70	70.99	3,700,108
2022/3/8 14:00	70.99	71.54	68.18	68.24	2,535,624
2022/3/8 15:00	68.52	69.54	67.3	67.5	4,080,462
2022/3/9 10:30	68.01	70.45	66.2	68	5,909,951
2022/3/9 11:30	68.02	68.75	67.38	67.5	1,615,625
2022/3/9 14:00	67.5	68.49	65.88	67.67	2,879,229
2022/3/9 15:00	67.63	69.2	66.89	69.01	2,374,278
2022/3/10 10:30	71	71.48	68.4	69.56	4,585,575
2022/3/10 11:30	69.56	72	69.38	71.53	2,109,212
2022/3/10 14:00	71.53	74.55	70.99	73.5	5,001,811
2022/3/10 15:00	73.5	76.32	73.3	76	3,906,914
2022/3/11 10:30	76.8	80.25	75.2	80	10,728,285
2022/3/11 11:30	79.93	79.96	76.8	77.72	2,622,539
2022/3/11 14:00	77.72	81.47	77.6	81.06	5,293,128
2022/3/11 15:00	81.02	82.1	79.91	82.1	3,884,298
2022/3/14 10:30	85.02	90.4	82.8	84.5	15,406,761
2022/3/14 11:30	84.5	87	84.13	86.23	1,927,410
2022/3/14 14:00	86.23	86.71	80.66	81.51	3,365,146
2022/3/14 15:00	81.51	83.3	79.15	79.47	6,291,618
2022/3/15 10:30	77	81.8	76.76	80.46	9,801,915
2022/3/15 11:30	80.46	81.8	79.24	80.34	2,730,243
2022/3/15 14:00	80.34	80.5	77.04	77.7	3,861,333
2022/3/15 15:00	77.75	78.32	76.3	77.36	3,551,544
2022/3/16 10:30	80.4	80.45	73.2	74.53	10,353,514
2022/3/16 11:30	74.7	78.3	73.8	77.94	3,398,055
2022/3/16 14:00	78.68	82.5	76.69	76.77	6,672,090
2022/3/16 15:00	76.77	79.08	76.71	76.71	3,484,231
2022/3/17 10:30	77.9	83.34	76	82	11,872,861
2022/3/17 11:30	81.57	87.38	80.75	86.73	7,140,494
2022/3/17 14:00	86.73	87.77	82.88	83.2	5,455,142
2022/3/17 15:00	83.28	84.3	82.12	83.91	3,087,790
2022/3/18 10:30	81.88	89.49	81	88.03	15,000,111
2022/3/18 11:30	88.03	89.2	87.29	87.81	3,433,318
2022/3/18 14:00	87.81	91.77	86.6	90.9	5,662,155
2022/3/18 15:00	90.73	93.5	88.76	93.5	6,945,005
2022/3/21 10:30	93.5	93.5	88.18	91.15	13,436,022
2022/3/21 11:30	91.18	92.37	89.61	91.5	2,701,548
2022/3/21 14:00	92	98.3	90.88	94.88	7,645,868
2022/3/21 15:00	94.88	96.3	93.41	95.35	3,879,699
2022/3/22 10:30	92.5	93.87	89.21	90.58	8,134,160
2022/3/22 11:30	90.59	92.02	90	91.75	2,281,940
2022/3/22 14:00	91.75	93.62	90.4	90.99	2,750,737
2022/3/22 15:00	90.99	92.1	88.86	88.89	3,624,355
2022/3/23 10:30	88.23	94.75	88.23	94.14	8,579,902
2022/3/23 11:30	94.1	94.42	91.2	91.56	2,562,559
2022/3/23 14:00	91.6	91.97	89.07	90.7	2,549,632
2022/3/23 15:00	90.71	91.27	89	89.9	2,673,080
2022/3/24 10:30	88.88	92.91	87.01	92.06	6,026,624
2022/3/24 11:30	92.07	92.63	90.16	91.15	2,188,161
2022/3/24 14:00	91.3	93.99	91.3	93.72	3,963,228
2022/3/24 15:00	93.73	94.2	92	92.17	3,706,647
2022/3/25 10:30	92	92.99	88.52	90	7,097,030
2022/3/25 11:30	90	92.31	89.7	89.96	2,054,559
2022/3/25 14:00	89.96	90.74	88.8	89.58	1,717,407
2022/3/25 15:00	89.58	89.93	87.8	87.8	3,221,124
2022/3/28 10:30	88.51	91.79	88.25	88.5	6,446,432
2022/3/28 11:30	88.5	89.65	87.8	88.27	1,875,215
2022/3/28 14:00	88.27	89	87.56	88.49	1,555,006
2022/3/28 15:00	88.49	88.9	84.83	86.48	5,125,535
2022/3/29 10:30	85.1	87.25	84.3	85.6	5,016,257
2022/3/29 11:30	85.6	88.16	85.29	86.48	2,371,993
2022/3/29 14:00	86.48	87.69	84.78	85.56	1,888,541
2022/3/29 15:00	85.56	86.02	82.81	84	4,145,719
2022/3/30 10:30	83.95	85.39	81	85.18	5,987,705
2022/3/30 11:30	85.2	86.18	84.53	85.68	2,671,777
2022/3/30 14:00	85.68	86.34	85.18	85.67	1,510,727
2022/3/30 15:00	85.67	86.99	85.52	85.99	2,561,759
2022/3/31 10:30	85	88.77	84.32	87.14	6,402,673
2022/3/31 11:30	87.14	88.2	86.52	87.85	2,052,869
2022/3/31 14:00	87.85	88	84.89	85.19	3,040,643
2022/3/31 15:00	85.19	87.25	85.18	87.19	2,165,661
2022/4/1 10:30	85.79	86.27	82.86	83.79	5,336,043
2022/4/1 11:30	83.8	84.56	82.88	83	1,844,230
2022/4/1 14:00	83	83.98	82.5	83.93	1,699,945
2022/4/1 15:00	83.94	85.54	83.55	85.01	2,231,269
2022/4/6 10:30	85.1	86.4	83.83	84.96	4,170,109
2022/4/6 11:30	84.94	85.6	84.2	84.41	1,040,814
2022/4/6 14:00	84.41	84.47	80.01	80.97	4,308,401
2022/4/6 15:00	80.97	81.12	78.91	80.51	3,751,167
2022/4/7 10:30	80	81.44	77.7	79.53	4,419,938
2022/4/7 11:30	79.53	80.8	79.2	79.44	1,306,367
2022/4/7 14:00	79.44	80.17	79	80.02	1,355,041
2022/4/7 15:00	80	80.67	79.64	80.2	1,283,035
2022/4/8 10:30	79.9	80	75.91	77.33	5,096,919
2022/4/8 11:30	77.38	78.28	76.56	77.57	1,122,583
2022/4/8 14:00	77.57	78.82	77.33	77.73	1,090,400
2022/4/8 15:00	77.73	77.97	76.9	77.48	1,705,339
2022/4/11 10:30	77.46	79.8	75.66	75.79	4,143,719
2022/4/11 11:30	75.8	77.53	75.77	77.25	1,167,645
2022/4/11 14:00	77.25	78.62	76.29	76.79	1,248,203
2022/4/11 15:00	76.89	77.13	75.8	76.8	1,842,539
2022/4/12 10:30	76.99	76.99	73.39	73.88	3,613,562
2022/4/12 11:30	73.89	74.53	73.61	74.23	1,507,766
2022/4/12 14:00	74.23	75.77	73.55	74.78	1,572,576
2022/4/12 15:00	74.8	75.19	74.2	74.64	1,810,958
2022/4/13 10:30	74.3	75.5	72.13	72.4	3,082,415
2022/4/13 11:30	72.4	73.02	71.47	71.6	1,916,501
2022/4/13 14:00	71.6	74.01	70.51	73.25	2,724,616
2022/4/13 15:00	73.25	73.35	71.02	71.02	1,703,612
2022/4/14 10:30	72.5	75.98	71.75	75	5,279,280
2022/4/14 11:30	74.89	76.8	73.68	76.11	2,854,040
2022/4/14 14:00	76.11	76.85	75.66	76.51	1,693,084
2022/4/14 15:00	76.51	76.82	75.82	76.4	1,624,645
2022/4/15 10:30	76.5	81.49	75.5	80.51	7,146,394
2022/4/15 11:30	80.51	82.93	80.14	82.92	3,790,049
2022/4/15 14:00	82.8	87.8	82.6	86.88	6,223,809
2022/4/15 15:00	86.9	87.5	84.1	85.19	2,929,202
2022/4/18 10:30	87.03	89.48	84.81	87.8	9,950,900
2022/4/18 11:30	87.91	88.2	86.61	87.36	1,386,019
2022/4/18 14:00	87.36	88.38	86.6	88.3	2,254,520
2022/4/18 15:00	88.3	88.89	87.2	87.58	2,464,446
2022/4/19 10:30	86.53	89.98	85.85	86.7	5,073,138
2022/4/19 11:30	86.73	87.14	85.4	85.83	2,315,260
2022/4/19 14:00	85.83	86.69	84.73	84.86	2,358,810
2022/4/19 15:00	84.81	86.13	84.73	86	1,647,337
2022/4/20 10:30	85	86.25	82.51	83	4,695,638
2022/4/20 11:30	83	84.54	82.89	83.56	1,392,273
2022/4/20 14:00	83.56	83.92	81.5	82.1	3,009,660
2022/4/20 15:00	82.1	82.94	81.6	81.6	2,097,935
2022/4/21 10:30	82.94	88.2	82.9	87.29	7,174,196
2022/4/21 11:30	87.22	87.22	85.69	85.86	2,007,147
2022/4/21 14:00	85.86	87.49	85.28	85.8	2,137,451
2022/4/21 15:00	85.79	86.16	84.7	86.1	2,342,412
2022/4/22 10:30	86.08	86.08	82.4	83.49	3,801,935
2022/4/22 11:30	83.48	84.25	82.8	83.61	1,141,422
2022/4/22 14:00	83.61	85.38	83.3	85	1,338,255
2022/4/22 15:00	85	85.35	83.39	83.56	1,707,674
2022/4/25 10:30	82.65	87	82.13	84.18	4,779,292
2022/4/25 11:30	84.28	85.98	84.2	84.5	1,695,002
2022/4/25 14:00	84.5	85.28	81.5	81.5	2,289,383
2022/4/25 15:00	81.56	85.5	80.77	83.3	3,781,329
2022/4/26 10:30	82.11	85	82	84.97	4,476,089
2022/4/26 11:30	84.95	85.5	83.5	83.96	1,729,699
2022/4/26 14:00	83.96	84.68	82.86	83.66	1,658,931
2022/4/26 15:00	83.75	84.49	82.8	84.49	2,394,088
2022/4/27 10:30	81.99	83.28	76.51	81	6,450,019
2022/4/27 11:30	81	81.8	79.51	81.05	1,112,103
2022/4/27 14:00	81.05	82.5	80.41	81.73	1,798,502
2022/4/27 15:00	81.73	81.97	81	81.66	1,484,419
2022/4/28 10:30	82.04	82.92	78.4	82.64	4,623,234
2022/4/28 11:30	82.5	84	81.85	83.26	2,314,298
2022/4/28 14:00	83.26	96.8	82.2	93.32	7,330,314
2022/4/28 15:00	93.51	97.44	92.5	95.15	7,319,073
2022/4/29 10:30	93	95.8	92.11	94.49	6,721,219
2022/4/29 11:30	94.45	98.9	93.66	98.11	3,948,042
2022/4/29 14:00	98.2	98.37	95.45	96.85	3,162,282
2022/4/29 15:00	96.85	98.22	95	95.46	3,523,685
2022/5/5 10:30	97	103.4	95.7	101.89	10,257,028
2022/5/5 11:30	101.89	103.74	100.84	103	2,559,360
2022/5/5 14:00	103	104.76	102	102.38	2,696,888
2022/5/5 15:00	102.32	102.69	100.7	100.7	2,387,838
2022/5/6 10:30	97.22	103.7	97.2	103	5,850,194
2022/5/6 11:30	103	104.13	101.02	101.05	2,473,526
2022/5/6 14:00	101.05	102.28	97.14	98.01	3,475,817
2022/5/6 15:00	98.01	100.5	97.5	100	2,057,672
2022/5/9 10:30	99.97	102.48	97.58	99.14	5,039,709
2022/5/9 11:30	99.14	106.17	98.6	104.8	5,718,250
2022/5/9 14:00	104.8	107.63	104.5	107.42	4,416,785
2022/5/9 15:00	107.3	108.05	105.9	107	2,931,694
2022/5/10 10:30	106.34	113.4	105.99	110.26	10,027,834
2022/5/10 11:30	110.21	110.9	106.5	106.81	3,663,579
2022/5/10 14:00	106.81	108.78	102.3	103.98	5,836,589
2022/5/10 15:00	103.86	108	103.5	106.03	3,093,743
2022/5/11 10:30	107.03	110.8	105.8	109.3	6,800,971
2022/5/11 11:30	109.25	111.96	108.51	111.88	3,529,063
2022/5/11 14:00	111.99	121	111.99	115.01	9,006,514
2022/5/11 15:00	115.02	116.47	113.48	114.28	2,989,601
2022/5/12 10:30	116.57	126.25	116.2	124.83	14,634,089
2022/5/12 11:30	124.6	131.42	123.63	128.19	7,401,367
2022/5/12 14:00	128.19	129.5	117.8	119.66	8,398,267
2022/5/12 15:00	119.66	125.95	119.57	125.7	3,745,594
2022/5/13 10:30	127.2	128	120.81	126.49	11,828,793
2022/5/13 11:30	126.75	128.84	125	126.96	3,107,018
2022/5/13 14:00	127	130.68	125.72	129.85	3,807,595
2022/5/13 15:00	129.85	129.86	125.84	128.85	4,214,814
2022/5/16 10:30	126	126	117.85	118.3	13,053,090
2022/5/16 11:30	118.05	119.77	113.5	116.93	5,358,779
2022/5/16 14:00	117.92	122.88	116.96	122.58	3,691,393
2022/5/16 15:00	122.58	125.2	120.21	120.3	4,907,379
2022/5/17 10:30	123	126.66	113	113	13,196,297
2022/5/17 11:30	113.36	115.02	108.5	109.1	8,456,069
2022/5/17 14:00	109	113	109	112	3,872,758
2022/5/17 15:00	112.58	114	110	110	4,479,305
2022/5/18 10:30	108.06	115.7	106.7	111.71	11,498,811
2022/5/18 11:30	111.77	112.9	109.47	110.01	2,608,393
2022/5/18 14:00	110	110.98	106.82	107.7	5,104,376
2022/5/18 15:00	107.91	109.73	106.88	106.9	4,010,125
2022/5/19 10:30	109	111.7	106	108.62	8,142,308
2022/5/19 11:30	108.77	114.78	108.56	114.12	6,194,959
2022/5/19 14:00	114.12	117.88	114.12	115.87	4,548,865
2022/5/19 15:00	115.87	116.76	113.15	115.12	3,328,173
2022/5/20 10:30	123	125.19	111	112.38	13,695,802
2022/5/20 11:30	112.46	113.28	106.5	107.4	6,286,067
2022/5/20 14:00	107.4	113.95	107.4	112.87	4,635,444
2022/5/20 15:00	112.87	113.44	109.88	111.84	3,541,857
2022/5/23 10:30	109	112.12	106	107.84	7,146,267
2022/5/23 11:30	107.99	108.44	105	106.26	5,852,618
2022/5/23 14:00	106.2	107.6	105.7	106	2,037,317
2022/5/23 15:00	106	107.91	103.3	107	8,440,450
2022/5/24 10:30	109.59	109.59	88.3	88.96	27,881,078
2022/5/24 11:30	88.95	92.49	88.5	89.76	4,739,114
2022/5/24 14:00	89.76	92.21	87	88	5,426,981
2022/5/24 15:00	88	88	85.6	85.6	9,047,094
2022/5/25 10:30	85	88.73	82.87	86.23	13,053,244
2022/5/25 11:30	86.23	90.83	85.6	90.72	6,070,850
2022/5/25 14:00	90.72	91.5	88.25	88.72	4,899,075
2022/5/25 15:00	88.8	89.29	87.8	89.1	3,255,410
2022/5/26 10:30	88.5	92.86	85.56	90.6	13,670,344
2022/5/26 11:30	90.58	91.48	90	91.32	2,097,429
2022/5/26 14:00	91.32	91.93	89.54	90.12	2,531,803
2022/5/26 15:00	90.15	90.53	88.7	88.88	3,326,660
2022/5/27 10:30	89.95	91	86.95	87.87	6,068,405
2022/5/27 11:30	87.87	88.2	86.1	87.52	3,214,317
2022/5/27 14:00	87.52	88.36	86.71	86.77	1,918,067
2022/5/27 15:00	86.77	87.24	85.49	86.39	3,564,114
2022/5/30 10:30	85.16	85.18	79.9	82.56	11,444,353
2022/5/30 11:30	82.58	83.35	81.78	82.05	2,581,715
2022/5/30 14:00	82.05	82.9	81.32	81.66	2,316,999
2022/5/30 15:00	81.66	83.58	81.56	82.92	3,304,042
2022/5/31 10:30	82.57	83.9	80.9	81.68	5,293,633
2022/5/31 11:30	81.72	84.3	81.7	82.64	3,034,537
2022/5/31 14:00	82.41	84.45	82.41	83.04	3,390,564
2022/5/31 15:00	83.03	84.48	82.48	84.48	3,510,900
2022/6/1 10:30	83	83	76.62	78.46	15,166,974
2022/6/1 11:30	78.47	78.74	75.88	75.9	6,073,706
2022/6/1 14:00	75.88	75.88	70.82	73.37	14,690,966
2022/6/1 15:00	73.37	73.5	72	73.28	3,884,849
2022/6/2 10:30	72.3	75.6	72.3	73.8	11,569,488
2022/6/2 11:30	73.8	74.05	72.72	73.91	2,956,093
2022/6/2 14:00	73.91	75.2	73.91	75.07	2,855,652
2022/6/2 15:00	75.12	76.25	75.12	76.2	4,610,347
2022/6/6 10:30	73.74	74.99	73.28	74.18	5,993,821
2022/6/6 11:30	74.2	76.9	74.2	76.7	4,232,234
2022/6/6 14:00	76.75	78	76.75	77.77	4,236,058
2022/6/6 15:00	77.77	78.23	76.98	77	3,743,917
2022/6/7 10:30	77.36	82.3	76.8	81	11,801,589
2022/6/7 11:30	80.97	84.4	79.99	84.32	5,587,025
2022/6/7 14:00	84.32	84.7	82.52	83.49	4,585,482
2022/6/7 15:00	83.49	84.15	82.9	83.54	3,061,743
2022/6/8 10:30	82.1	85.7	81.2	84.37	7,231,574
2022/6/8 11:30	84.37	84.57	81.88	83.06	3,314,273
2022/6/8 14:00	83.06	83.46	82	82.85	1,979,842
2022/6/8 15:00	82.85	84.7	82.8	83.3	2,440,287
2022/6/9 10:30	82.74	85	82.4	83.22	3,650,088
2022/6/9 11:30	83.21	84.26	82.96	83.21	1,564,247
2022/6/9 14:00	83.27	83.8	82	83.72	2,266,980
2022/6/9 15:00	83.73	85.18	83.5	85.08	4,277,410
2022/6/10 10:30	85	89.52	84.1	87.92	7,644,215
2022/6/10 11:30	87.92	88.06	85.6	86	3,082,876
2022/6/10 14:00	86.2	88.33	85.8	86.98	3,872,897
2022/6/10 15:00	86.98	87.43	85.91	87.23	4,281,084
2022/6/13 10:30	86	86	81.5	84.67	7,724,291
2022/6/13 11:30	84.7	84.9	82.8	83	2,058,813
2022/6/13 14:00	82.99	84.56	82.86	83.15	1,557,962
2022/6/13 15:00	83.15	83.66	82.6	82.7	2,044,382
2022/6/14 10:30	82	85.3	81.71	82.72	5,101,681
2022/6/14 11:30	82.72	82.74	80.8	81.63	2,199,449
2022/6/14 14:00	81.63	82.3	81.03	81.95	1,078,313
2022/6/14 15:00	81.95	83.16	81.6	82.6	1,888,137
2022/6/15 10:30	81	83.32	80.05	80.66	4,959,811
2022/6/15 11:30	80.66	82.25	80.56	82.21	1,431,529
2022/6/15 14:00	82.21	82.5	81.21	82.07	1,946,360
2022/6/15 15:00	82.04	82.06	80.05	80.21	2,412,903
2022/6/16 10:30	80.33	82.46	80.33	81.45	4,663,461
2022/6/16 11:30	81.45	82.4	81.16	81.5	1,230,535
2022/6/16 14:00	81.5	81.65	80.11	80.28	2,060,390
2022/6/16 15:00	80.3	80.99	80.26	80.46	1,937,681
2022/6/17 10:30	79.66	81	79	80.35	2,887,255
2022/6/17 11:30	80.35	80.58	78.71	79.74	1,981,192
2022/6/17 14:00	79.74	89.58	79.74	86.51	12,071,194
2022/6/17 15:00	86.45	87.8	85	85	5,000,039
2022/6/20 10:30	85	85	80.9	81	7,646,206
2022/6/20 11:30	81	82.44	80.94	81.4	2,274,094
2022/6/20 14:00	81.4	81.83	80.37	80.47	3,138,480
2022/6/20 15:00	80.47	81.1	80.3	80.37	2,588,165
2022/6/21 10:30	79.81	80.3	76.35	79.47	5,607,836
2022/6/21 11:30	79.48	81.5	79.31	80.58	2,121,548
2022/6/21 14:00	80.58	81.06	79.23	79.26	1,549,450
2022/6/21 15:00	79.25	79.85	78.89	79.65	1,791,189
2022/6/22 10:30	79.4	82	79.03	79.65	4,751,602
2022/6/22 11:30	79.65	79.72	77.89	78.4	2,796,549
2022/6/22 14:00	78.4	79.2	78.05	78.23	1,613,011
2022/6/22 15:00	78.31	78.38	77	77.25	2,610,692
2022/6/23 10:30	77.26	77.8	73.65	74.1	6,724,813
2022/6/23 11:30	74	74.68	73.8	74.27	2,067,124
2022/6/23 14:00	74.27	74.9	73.61	74.59	2,396,284
2022/6/23 15:00	74.59	75.32	74.59	74.92	2,294,334
2022/6/24 10:30	75.03	77.7	75	77.2	3,937,454
2022/6/24 11:30	77.25	78.35	76.79	76.85	1,949,043
2022/6/24 14:00	76.84	78.51	76.21	78.2	3,358,681
2022/6/24 15:00	78.2	79.67	78.2	78.6	3,613,894
2022/6/27 10:30	80.52	82.5	77.81	78.81	6,761,683
2022/6/27 11:30	78.81	79.25	78.2	79.22	1,374,677
2022/6/27 14:00	79.18	79.65	78.36	78.66	1,244,477
2022/6/27 15:00	78.79	79	78.16	78.25	1,825,288
2022/6/28 10:30	77.5	77.94	75.88	75.92	3,594,734
2022/6/28 11:30	75.95	77.36	75.95	76.78	1,083,123
2022/6/28 14:00	76.78	80.55	76.78	78.91	4,645,826
2022/6/28 15:00	78.9	80.3	78.7	79.75	3,364,320
2022/6/29 10:30	78.5	78.5	74.6	74.66	6,908,092
2022/6/29 11:30	74.6	76.05	74.58	75.51	1,920,579
2022/6/29 14:00	75.51	75.66	74.82	74.99	1,720,001
2022/6/29 15:00	75	75.21	74.62	74.76	2,411,903
2022/6/30 10:30	75.25	75.84	74.12	75.55	2,629,648
2022/6/30 11:30	75.52	76.66	75.37	75.87	1,208,976
2022/6/30 14:00	75.87	78.5	75.85	76.06	3,980,908
2022/6/30 15:00	76.21	76.99	75.19	75.34	1,821,033
2022/7/1 10:30	75.32	75.75	73.69	74.4	3,027,944
2022/7/1 11:30	74.4	76.33	74.4	75.45	1,689,271
2022/7/1 14:00	75.45	76.1	74.64	74.97	1,474,582
2022/7/1 15:00	74.82	75.18	74	74	2,166,935
2022/7/4 10:30	75	76.66	74.26	76.06	4,596,403
2022/7/4 11:30	76.08	76.93	75.83	76.88	2,011,286
2022/7/4 14:00	76.88	77.6	76.66	76.66	2,028,780
2022/7/4 15:00	76.66	76.88	76.5	76.75	1,474,169
2022/7/5 10:30	76.98	76.98	74.01	74.7	4,288,997
2022/7/5 11:30	74.71	74.75	73.38	74.44	2,085,646
2022/7/5 14:00	74.44	75.42	73.5	74.05	1,627,298
2022/7/5 15:00	74.02	74.83	73.87	74.69	1,431,452
2022/7/6 10:30	74.66	77.6	74.66	75.73	5,411,210
2022/7/6 11:30	75.74	75.9	74.78	75.02	1,407,771
2022/7/6 14:00	75.02	75.43	74.49	74.73	1,327,636
2022/7/6 15:00	74.73	74.74	74.1	74.64	1,847,843
2022/7/7 10:30	76.8	76.98	71.49	72.55	5,576,765
2022/7/7 11:30	72.55	73.3	72	72.99	1,691,215
2022/7/7 14:00	72.99	74.88	72.99	73.56	1,852,192
2022/7/7 15:00	73.56	73.77	73	73.3	1,484,459
2022/7/8 10:30	73.4	73.8	72.37	73.15	3,007,609
2022/7/8 11:30	73.14	73.33	71.84	72.74	2,094,682
2022/7/8 14:00	72.74	72.8	71.58	71.58	2,342,090
2022/7/8 15:00	71.6	72.28	71.55	72.28	2,723,008
2022/7/11 10:30	72	74.19	71.69	73.25	4,443,358
2022/7/11 11:30	73.29	73.77	72.6	73.15	1,538,059
2022/7/11 14:00	73.15	73.93	72.83	73.51	1,727,620
2022/7/11 15:00	73.51	73.92	73.22	73.33	2,127,354
2022/7/12 10:30	73.32	73.32	68.89	69.22	5,932,254
2022/7/12 11:30	69.22	69.97	68.7	69.2	2,267,635
2022/7/12 14:00	69.2	69.49	68.5	68.7	2,043,035
2022/7/12 15:00	68.7	69.17	68.31	68.31	2,606,084
2022/7/13 10:30	68.68	69.28	67.8	68.43	3,077,981
2022/7/13 11:30	68.44	69.26	68.39	69	1,207,369
2022/7/13 14:00	69	69.68	68.32	68.4	1,627,166
2022/7/13 15:00	68.43	68.9	68.3	68.71	1,105,365
2022/7/14 10:30	69.4	70.34	68.7	70.1	2,820,474
2022/7/14 11:30	70.02	70.1	69.25	69.65	1,147,055
2022/7/14 14:00	69.65	69.79	68.72	68.93	1,190,552
2022/7/14 15:00	68.93	69	68.28	68.29	1,325,033
2022/7/15 10:30	68.6	68.8	66.77	68.23	3,806,556
2022/7/15 11:30	68.23	68.65	67.2	67.41	1,109,531
2022/7/15 14:00	68.1	70.88	67.73	68.88	4,354,549
2022/7/15 15:00	68.8	69	68.15	68.21	1,617,422
2022/7/18 10:30	67.22	67.8	62.54	63.43	7,661,406
2022/7/18 11:30	63.43	65.13	63.43	65.09	1,398,757
2022/7/18 14:00	65.1	65.35	64.63	64.81	1,106,683
2022/7/18 15:00	64.81	65.18	64.4	65	1,908,788
2022/7/19 10:30	65.19	65.32	63.77	64.17	2,471,777
2022/7/19 11:30	64.17	64.19	63.78	63.95	1,413,383
2022/7/19 14:00	63.95	63.96	63.3	63.52	1,845,947
2022/7/19 15:00	63.54	64.45	63.4	64.21	1,327,758
2022/7/20 10:30	64.22	65.45	64.07	64.79	2,155,242
2022/7/20 11:30	64.79	64.86	64.22	64.77	738,955
2022/7/20 14:00	64.77	64.86	64.2	64.37	757,520
2022/7/20 15:00	64.37	64.6	64.14	64.44	1,150,755
2022/7/21 10:30	64.06	66.55	64	66.36	3,468,877
2022/7/21 11:30	66.36	68.65	66.06	66.94	4,565,843
2022/7/21 14:00	66.94	67.03	66.5	66.8	963,602
2022/7/21 15:00	66.8	67.47	66.65	66.85	1,509,074
2022/7/22 10:30	67.01	68.14	66.29	66.4	2,881,106
2022/7/22 11:30	66.4	66.75	65.69	65.71	1,059,305
2022/7/22 14:00	65.71	65.84	64.9	65.29	1,160,965
2022/7/22 15:00	65.29	65.59	64.85	65.34	982,637
2022/7/25 10:30	65.51	66.28	64.5	65.51	2,231,677
2022/7/25 11:30	65.43	65.52	64.55	64.61	596,418
2022/7/25 14:00	64.64	65	64.1	64.25	855,719
2022/7/25 15:00	64.25	64.57	64.12	64.35	712,167
2022/7/26 10:30	61.5	65.3	61.5	64.94	3,687,910
2022/7/26 11:30	65	66.25	64.78	65.58	1,719,678
2022/7/26 14:00	65.58	65.98	64.96	65	953,645
2022/7/26 15:00	65.02	66.99	65	66.03	2,374,437
2022/7/27 10:30	65.55	66.55	63.7	64.27	2,892,037
2022/7/27 11:30	64.27	64.5	63.85	64.35	663,246
2022/7/27 14:00	64.35	64.88	64.17	64.32	935,431
2022/7/27 15:00	64.44	64.71	64.27	64.4	1,055,844
2022/7/28 10:30	64.4	65	63.11	64.07	2,503,464
2022/7/28 11:30	64.07	64.1	63.21	63.39	1,154,944
2022/7/28 14:00	63.39	63.46	62.9	62.97	1,681,581
2022/7/28 15:00	62.97	62.97	62.2	62.31	2,017,969
2022/7/29 10:30	62.04	62.47	61.05	61.3	2,560,704
2022/7/29 11:30	61.3	61.63	60.84	60.9	1,400,256
2022/7/29 14:00	60.9	61.15	60.44	60.94	1,351,929
2022/7/29 15:00	60.94	61.64	60.8	61.39	1,348,087
2022/8/1 10:30	61	61.57	59.8	61.57	2,202,659
2022/8/1 11:30	61.57	61.83	61.15	61.25	682,557
2022/8/1 14:00	61.25	61.5	60.9	61.14	571,431
2022/8/1 15:00	61.14	61.14	60.6	60.68	975,309
2022/8/2 10:30	60.06	60.1	57.96	58.57	4,077,680
2022/8/2 11:30	58.57	58.65	57.4	57.81	1,608,426
2022/8/2 14:00	57.81	59.44	57.81	59.42	1,027,177
2022/8/2 15:00	59.42	59.65	58.51	58.7	1,494,460
2022/8/3 10:30	58.86	59.45	57.8	58.2	2,913,270
2022/8/3 11:30	58.2	58.5	57.85	58.27	960,934
2022/8/3 14:00	58.27	59.81	58.11	59.37	2,496,128
2022/8/3 15:00	59.36	59.4	58.1	58.15	1,728,705
2022/8/4 10:30	58.25	60.34	58.25	59.06	3,630,232
2022/8/4 11:30	58.9	59.02	58.35	58.4	881,217
2022/8/4 14:00	58.4	58.65	57.66	58.06	1,031,272
2022/8/4 15:00	58.06	58.68	57.91	58.31	1,337,966
2022/8/5 10:30	58.8	59.9	58.5	58.88	3,435,964
2022/8/5 11:30	58.88	59.3	58.67	59.23	1,015,191
2022/8/5 14:00	59.21	59.44	58.68	59.21	852,880
2022/8/5 15:00	59.21	60.6	59.13	60.4	3,084,691
2022/8/8 10:30	60.4	61.77	59.88	59.96	4,686,411
2022/8/8 11:30	59.96	59.97	59.4	59.69	1,638,039
2022/8/8 14:00	59.64	59.7	58.77	58.9	1,600,626
2022/8/8 15:00	58.9	59.5	58.85	59.22	1,041,448
2022/8/9 10:30	59.1	59.55	58.3	59.3	2,081,656
2022/8/9 11:30	59.35	59.8	58.81	59.8	843,471
2022/8/9 14:00	59.8	60.11	59.22	59.37	900,729
2022/8/9 15:00	59.37	59.85	59.34	59.79	1,009,223
2022/8/10 10:30	59.2	59.77	58.6	58.78	1,822,266
2022/8/10 11:30	58.8	58.91	58.21	58.47	1,221,954
2022/8/10 14:00	58.47	58.47	57.89	57.99	1,334,893
2022/8/10 15:00	58	58.12	57.6	57.77	1,924,549
2022/8/11 10:30	58.22	59.73	58.01	59.4	2,553,133
2022/8/11 11:30	59.45	61.27	59.18	60.5	3,721,575
2022/8/11 14:00	60.43	60.54	60.11	60.28	1,039,927
2022/8/11 15:00	60.28	60.54	60.15	60.5	1,148,773
2022/8/12 10:30	60.21	60.38	59.35	60.02	1,979,964
2022/8/12 11:30	60.02	60.33	59.9	60.18	700,732
2022/8/12 14:00	60.18	60.21	59.7	59.92	698,421
2022/8/12 15:00	59.93	60.17	59.82	59.89	984,509
